34000
6000
30000
23000
43000
29000
37000
20000
19000
38000
3000
5000
7000
16000
39000
37000
2000
17000
23000
17000
30000
28000
13000
19000
1000
44000
7000
4000
15000
9000
22000
14000
43000
41000
2000
34000
12000
18000
25000
42000
18000
44000
13000
33000
30000
24000
33000
30000
7000
5000
44000
7000
1000
25000
41000
31000
8000
15000
21000
43000
6000
39000
29000
15000
8000
19000
22000
5000
26000
10000
16000
26000
10000
12000
28000
11000
38000
43000
34000
14000
26000
4000
41000
40000
38000
11000
27000
1000
18000
13000
7000
8000
18000
4000
27000
21000
32000
33000
28000
2000
3000
13000
24000
30000
17000
38000
34000
43000
24000
14000
4000
27000
36000
18000
3000
11000
6000
12000
19000
23000
20000
40000
23000
42000
28000
43000
10000
31000
12000
31000
32000
3000
11000
9000
31000
39000
14000
36000
31000
1000
27000
16000
41000
1000
21000
18000
21000
36000
13000
37000
21000
2000
7000
34000
21000
6000
14000
27000
8000
35000
10000
41000
12000
35000
8000
12000
3000
25000
32000
25000
19000
29000
29000
32000
28000
42000
9000
33000
10000
5000
27000
20000
20000
30000
36000
15000
30000
17000
39000
39000
11000
28000
26000
24000
40000
11000
13000
5000
42000
29000
21000
29000
25000
29000
25000
34000
23000
44000
9000
4000
4000
2000
17000
20000
15000
35000
28000
36000
42000
43000
8000
5000
33000
3000
23000
24000
40000
22000
16000
31000
35000
23000
15000
6000
26000
11000
2000
35000
10000
20000
32000
15000
34000
16000
32000
33000
20000
1000
14000
18000
12000
9000
38000
19000
41000
16000
36000
17000
37000
35000
16000
9000
37000
42000
14000
31000
19000
39000
36000
7000
40000
44000
22000
41000
26000
6000
9000
17000
35000
38000
37000
13000
24000
3000
4000
5000
32000
22000
8000
22000
6000
2000
39000
25000
42000
33000
26000
38000
40000
44000
1000
40000
27000
44000
24000
22000
37000
10000
