116.9933
116.3933
115.7933
116.5933
118.4933
119.1933
119.3933
121.1933
122.8933
121.9933
120.1933
118.8933
118.1933
118.1933
118.6933
119.5933
119.5933
120.9933
123.0933
124.7933
124.6933
123.9933
123.3933
122.2933
119.4933
116.4933
113.3933
110.1933
106.7933
103.2933
101.4933
100.1933
99.0933
99.4933
104.5933
108.5933
110.0933
110.3933
110.6933
111.2933
111.8933
111.8933
111.6933
111.7933
112.3933
113.5933
114.6933
115.8933
117.0933
118.0933
118.2933
116.8933
114.3933
111.8933
110.2933
109.7933
110.3933
111.7933
112.0933
112.6933
113.2933
113.9933
114.9933
116.0933
116.6933
115.7933
113.9933
111.9933
110.2933
109.0933
108.1933
107.8933
107.9933
108.4933
109.1933
110.3933
111.1933
111.6933
111.3933
110.1933
108.3933
106.1933
104.9933
104.4933
104.1933
104.5933
105.3933
106.4933
107.6933
109.0933
110.4933
111.6933
111.8933
111.2933
110.0933
108.2933
104.9933
101.4933
97.2933
93.2933
92.6933
96.2933
98.6933
100.2933
101.6933
102.5933
103.6933
102.9933
102.6933
101.2933
100.5933
100.2933
100.9933
102.1933
104.2933
106.5933
108.4933
110.0933
110.6933
110.6933
110.0933
109.2933
108.0933
107.2933
106.4933
106.0933
106.0933
106.4933
106.9933
107.6933
108.4933
109.5933
111.1933
112.8933
113.2933
113.7933
113.8933
113.6933
113.0933
112.4933
111.8933
112.0933
110.7933
110.5933
110.4933
110.7933
111.3933
112.3933
113.4933
114.8933
114.8933
114.7933
114.0933
113.3933
111.9933
110.5933
109.6933
109.1933
108.8933
108.8933
109.0933
109.0933
109.3933
109.6933
109.8933
110.0933
109.9933
111.0933
109.2933
108.6933
107.8933
106.6933
105.3933
103.5933
101.9933
100.4933
99.1933
98.1933
97.0933
95.9933
94.8933
93.9933
93.0933
91.7933
91.1933
90.1933
89.6933
89.2933
88.5933
88.2933
88.3933
88.8933
89.5933
90.5933
92.4933
92.1933
92.4933
92.2933
91.6933
90.7933
89.8933
89.1933
88.6933
88.0933
87.8933
88.0933
88.0933
88.3933
88.2933
88.5933
88.3933
88.2933
88.1933
88.2933
88.0933
87.9933
87.8933
87.6933
87.4933
87.3933
87.3933
87.2933
87.3933
87.5933
87.7933
88.3933
88.8933
89.5933
89.9933
90.4933
90.6933
90.5933
90.2933
89.7933
89.5933
89.2933
89.2933
89.3933
89.6933
90.2933
91.0933
91.7933
92.4933
93.0933
93.2933
93.3933
93.2933
93.5933
93.0933
93.1933
93.2933
93.5933
93.9933
94.2933
94.8933
95.2933
95.9933
96.2933
96.8933
96.6933
96.7933
96.5933
96.6933
96.5933
96.6933
96.9933
97.2933
97.6933
98.0933
98.4933
98.7933
99.0933
98.9933
98.7933
98.3933
97.7933
96.9933
96.3933
95.9933
95.6933
95.5933
95.6933
95.8933
96.0933
96.2933
96.4933
96.3933
96.0933
95.5933
95.1933
94.7933
94.3933
94.2933
93.9933
94.0933
94.1933
94.3933
94.4933
94.5933
94.5933
94.6933
94.4933
94.0933
93.9933
93.8933
93.7933
93.5933
93.4933
93.3933
93.2933
93.2933
93.1933
93.0933
93.0933
92.8933
92.7933
92.3933
92.0933
91.4933
91.1933
90.8933
90.7933
90.5933
90.6933
90.9933
91.1933
91.3933
91.3933
91.3933
91.5933
90.6933
90.0933
89.6933
89.2933
88.9933
88.5933
88.7933
88.8933
89.1933
89.6933
90.1933
90.5933
90.7933
90.6933
90.5933
90.2933
90.3933
89.5933
89.3933
89.1933
89.3933
89.5933
90.0933
90.6933
91.2933
91.8933
92.3933
92.6933
92.9933
92.7933
92.6933
92.3933
92.3933
92.1933
92.3933
92.4933
92.7933
93.2933
93.7933
94.5933
95.0933
95.4933
95.8933
96.0933
95.9933
95.9933
95.6933
95.5933
95.4933
95.4933
95.5933
95.8933
96.1933
96.4933
96.9933
97.2933
97.4933
97.6933
97.5933
97.2933
97.0933
96.6933
96.4933
96.2933
96.1933
96.1933
96.1933
96.2933
96.5933
96.7933
97.0933
97.2933
97.4933
97.5933
97.7933
97.8933
98.1933
98.0933
98.1933
98.3933
98.7933
99.0933
99.4933
99.8933
100.2933
100.7933
101.1933
101.4933
101.7933
102.0933
102.2933
102.3933
102.4933
102.5933
102.4933
102.5933
102.6933
102.7933
102.7933
102.7933
102.6933
102.5933
102.4933
102.3933
102.6933
102.0933
101.8933
101.6933
101.3933
101.0933
100.7933
100.3933
100.0933
99.8933
99.6933
99.5933
99.6933
99.7933
99.8933
99.9933
99.9933
99.9933
99.8933
99.6933
99.4933
99.1933
98.9933
98.8933
98.7933
98.7933
98.8933
98.8933
98.9933
99.0933
99.1933
99.1933
99.0933
98.7933
98.4933
98.1933
97.7933
97.3933
96.7933
96.3933
95.9933
95.5933
95.2933
94.9933
94.7933
94.5933
94.3933
94.1933
93.7933
93.3933
92.8933
92.2933
91.7933
91.0933
90.5933
90.1933
89.7933
89.5933
89.3933
89.2933
89.1933
88.7933
88.4933
87.7933
87.2933
86.4933
85.6933
84.8933
84.4933
84.2933
84.2933
84.4933
84.6933
84.8933
85.0933
85.2933
85.2933
85.3933
85.1933
84.8933
84.8933
84.5933
84.4933
84.3933
84.2933
84.3933
84.3933
84.4933
84.6933
84.7933
85.0933
84.7933
84.8933
84.7933
84.2933
84.1933
83.9933
84.0933
83.7933
83.7933
83.7933
83.9933
84.1933
84.3933
84.5933
84.6933
84.7933
84.9933
84.9933
85.0933
85.2933
85.5933
85.8933
85.8933
86.3933
86.8933
87.2933
87.7933
88.1933
88.9933
89.1933
89.3933
89.5933
89.8933
90.0933
90.4933
91.3933
91.2933
91.5933
91.8933
92.2933
92.5933
92.9933
93.1933
93.4933
93.6933
93.7933
93.8933
93.9933
93.9933
93.9933
93.9933
93.9933
93.8933
93.9933
93.9933
94.1933
94.1933
94.2933
94.3933
94.3933
94.3933
94.2933
94.2933
94.0933
93.8933
93.6933
93.4933
93.2933
93.2933
92.9933
92.8933
92.7933
92.5933
92.3933
92.3933
92.0933
91.8933
91.6933
91.3933
91.0933
90.7933
90.3933
90.0933
89.7933
89.5933
89.3933
89.1933
88.9933
88.9933
88.9933
88.7933
88.4933
88.3933
88.1933
87.8933
87.6933
87.2933
87.0933
86.7933
86.5933
86.3933
86.2933
86.3933
86.3933
86.4933
86.3933
86.2933
86.0933
85.7933
85.4933
85.1933
84.6933
84.3933
84.2933
83.9933
83.8933
83.8933
83.8933
83.9933
84.0933
83.9933
84.1933
84.0933
83.8933
83.6933
83.2933
83.0933
82.7933
82.6933
82.5933
82.5933
82.5933
82.7933
82.9933
83.0933
83.2933
83.3933
83.5933
83.4933
83.3933
83.2933
83.1933
83.0933
82.9933
84.0933
83.3933
83.6933
83.9933
84.0933
84.5933
84.6933
84.9933
85.1933
85.1933
85.1933
85.0933
84.9933
84.8933
85.0933
85.0933
85.2933
85.4933
85.9933
86.4933
86.7933
87.1933
87.4933
87.6933
87.8933
87.9933
88.0933
88.0933
88.1933
88.2933
88.3933
88.7933
88.9933
89.2933
89.7933
90.4933
90.4933
90.7933
90.9933
91.0933
91.1933
91.1933
91.1933
91.2933
91.1933
91.3933
91.4933
91.6933
91.8933
92.1933
92.5933
93.0933
93.1933
93.2933
93.5933
93.5933
93.7933
93.7933
93.8933
93.9933
94.0933
94.2933
94.4933
94.7933
94.9933
95.3933
95.4933
96.1933
95.9933
96.0933
96.0933
96.0933
96.1933
96.1933
96.1933
96.1933
96.2933
96.3933
96.4933
96.5933
96.6933
96.7933
96.8933
96.9933
97.0933
97.0933
97.0933
97.0933
97.0933
97.0933
97.0933
96.8933
96.8933
96.8933
96.7933
96.7933
96.6933
97.2933
96.4933
96.2933
96.0933
95.6933
95.4933
95.1933
94.8933
94.6933
94.3933
94.0933
93.8933
93.6933
93.4933
93.2933
93.0933
92.8933
92.6933
92.4933
92.2933
91.9933
91.6933
91.4933
91.3933
91.0933
90.8933
90.5933
90.3933
90.5933
89.8933
89.5933
89.2933
89.0933
88.9933
88.8933
88.6933
88.5933
88.4933
88.3933
88.2933
88.1933
87.9933
87.9933
87.7933
87.6933
87.3933
87.2933
87.2933
87.1933
87.1933
87.2933
87.2933
87.2933
87.2933
87.3933
87.5933
87.6933
87.7933
87.8933
87.9933
88.2933
88.3933
88.5933
88.6933
88.9933
89.2933
89.7933
90.1933
90.5933
90.9933
91.5933
92.0933
92.3933
92.8933
93.2933
93.7933
94.4933
94.9933
95.3933
95.8933
96.3933
97.0933
97.6933
98.2933
98.8933
99.4933
100.0933
100.8933
101.4933
101.9933
102.5933
102.9933
103.5933
103.8933
104.0933
103.9933
103.8933
103.4933
103.2933
102.9933
102.6933
102.5933
102.4933
102.4933
102.5933
102.5933
102.6933
102.6933
102.6933
