130.1815
128.5815
127.2815
126.4815
126.6815
127.4815
128.7815
130.4815
132.9815
136.5815
138.7815
138.0815
136.0815
134.4815
133.2815
131.8815
130.3815
129.0815
128.8815
129.5815
129.9815
129.7815
129.1815
128.6815
128.3815
128.0815
126.1815
121.5815
114.0815
104.8815
107.2815
108.7815
109.5815
110.1815
111.2815
111.9815
113.0815
114.5815
116.4815
118.8815
119.6815
118.9815
117.9815
117.5815
117.7815
118.0815
118.2815
118.2815
118.4815
118.9815
119.8815
120.9815
122.3815
124.2815
125.0815
125.6815
125.9815
126.2815
126.3815
126.1815
125.7815
125.5815
125.6815
125.7815
126.1815
126.9815
128.0815
129.0815
129.5815
129.0815
127.6815
126.5815
125.6815
125.1815
124.8815
124.8815
124.7815
124.7815
124.5815
124.6815
124.7815
125.5815
125.6815
125.2815
124.6815
123.9815
123.6815
123.7815
124.0815
124.6815
125.4815
126.4815
127.0815
127.1815
126.6815
125.2815
122.1815
118.4815
114.4815
112.4815
113.0815
114.5815
115.2815
115.8815
116.3815
117.0815
118.2815
119.0815
119.4815
119.3815
118.6815
117.5815
116.7815
116.8815
117.4815
118.8815
118.7815
119.2815
119.7815
120.1815
120.5815
121.5815
121.0815
120.6815
119.7815
118.4815
117.1815
115.9815
115.4815
115.4815
116.1815
117.2815
119.1815
120.5815
121.7815
123.2815
123.1815
123.1815
122.6815
121.7815
120.7815
119.9815
119.0815
118.6815
118.4815
118.4815
118.8815
119.4815
120.2815
121.0815
121.9815
122.1815
121.9815
120.8815
120.0815
117.9815
116.6815
115.8815
115.2815
115.0815
115.2815
115.4815
116.0815
116.9815
117.9815
118.8815
119.2815
119.2815
118.8815
117.8815
116.9815
116.3815
115.1815
113.9815
113.2815
112.6815
112.3815
112.1815
112.2815
112.4815
112.6815
112.6815
112.4815
111.7815
111.2815
110.6815
110.1815
109.8815
109.6815
109.7815
110.2815
110.7815
111.6815
112.3815
113.6815
114.2815
114.5815
114.6815
114.2815
113.8815
113.2815
112.7815
112.5815
112.4815
112.6815
112.7815
112.7815
113.0815
113.2815
113.4815
113.2815
113.1815
113.0815
112.9815
112.7815
112.6815
112.5815
112.1815
111.8815
111.2815
110.6815
109.9815
109.2815
108.8815
108.4815
108.0815
108.0815
108.1815
108.4815
108.6815
108.8815
108.4815
107.7815
106.8815
106.1815
105.3815
104.8815
104.6815
104.7815
105.0815
105.5815
106.1815
106.9815
107.4815
107.8815
108.2815
108.1815
107.8815
107.5815
107.2815
107.1815
106.9815
106.9815
107.0815
107.3815
107.7815
108.0815
108.5815
108.9815
108.9815
108.9815
108.5815
108.1815
107.9815
107.7815
107.8815
107.9815
108.3815
108.8815
109.2815
109.9815
110.6815
110.9815
110.9815
110.6815
110.1815
109.7815
109.3815
109.1815
109.0815
109.0815
109.3815
109.8815
110.2815
110.7815
111.2815
111.5815
111.6815
111.8815
111.0815
110.6815
110.4815
110.0815
110.0815
110.1815
110.5815
110.8815
111.3815
111.6815
111.8815
111.7815
111.4815
110.8815
110.4815
110.0815
109.7815
109.5815
109.4815
109.5815
109.7815
109.9815
110.1815
110.2815
110.1815
109.7815
109.2815
108.6815
108.0815
107.5815
107.2815
107.0815
107.0815
107.2815
107.4815
107.7815
108.0815
108.1815
108.0815
107.5815
106.9815
106.7815
105.7815
105.1815
104.6815
104.4815
104.2815
104.3815
104.9815
104.7815
105.0815
105.2815
105.3815
105.2815
104.7815
104.6815
103.7815
103.2815
102.7815
102.3815
102.2815
102.2815
102.4815
102.7815
103.0815
103.4815
103.6815
104.3815
103.5815
103.1815
102.6815
102.1815
101.7815
101.3815
101.1815
100.7815
100.6815
100.6815
100.8815
100.9815
101.1815
101.3815
101.3815
101.2815
100.9815
100.2815
99.6815
99.5815
98.7815
98.5815
98.2815
98.1815
98.4815
98.6815
98.9815
99.4815
99.6815
99.7815
99.7815
99.8815
99.5815
99.4815
99.3815
99.1815
99.0815
99.0815
99.1815
99.3815
99.5815
99.9815
100.2815
100.7815
101.1815
101.1815
101.2815
101.3815
101.4815
101.4815
101.6815
101.7815
101.8815
102.0815
102.2815
102.4815
102.5815
102.6815
102.8815
103.1815
103.3815
103.4815
103.5815
103.6815
103.5815
103.3815
103.2815
103.1815
102.8815
102.6815
102.6815
102.4815
102.4815
102.5815
102.6815
102.7815
103.0815
103.0815
103.0815
102.9815
102.6815
102.2815
101.8815
101.5815
101.1815
101.0815
100.9815
101.0815
101.2815
101.3815
101.5815
101.7815
101.6815
101.5815
101.1815
100.8815
100.4815
100.1815
99.9815
99.5815
99.2815
99.2815
99.2815
99.1815
99.3815
99.5815
99.7815
99.7815
99.7815
99.5815
99.2815
98.7815
98.4815
98.0815
97.7815
97.6815
97.4815
97.4815
97.4815
97.5815
97.8815
97.9815
97.9815
97.8815
97.7815
97.3815
97.0815
96.7815
96.4815
96.3815
96.0815
96.2815
96.1815
96.3815
96.7815
96.8815
96.9815
96.9815
96.9815
96.6815
96.2815
95.9815
95.7815
95.5815
95.4815
95.4815
95.4815
95.6815
95.7815
96.0815
96.2815
95.9815
96.0815
95.8815
95.5815
95.5815
95.2815
95.2815
95.0815
95.0815
94.9815
95.2815
95.3815
95.5815
95.7815
95.8815
95.8815
95.7815
95.5815
95.2815
94.9815
94.6815
94.5815
94.3815
94.3815
94.4815
94.5815
94.5815
94.7815
94.7815
95.0815
94.8815
94.7815
94.6815
94.7815
94.2815
94.1815
94.0815
94.2815
94.0815
94.2815
94.2815
94.3815
94.5815
94.4815
94.6815
94.4815
94.3815
94.2815
94.0815
94.0815
93.9815
93.9815
93.9815
94.2815
94.2815
94.4815
94.6815
94.9815
94.9815
95.1815
95.1815
95.1815
95.2815
95.0815
95.1815
95.2815
94.9815
95.1815
95.2815
95.1815
95.3815
95.3815
95.4815
95.5815
95.6815
95.6815
95.5815
95.4815
95.4815
95.3815
95.2815
95.0815
95.0815
95.1815
96.3815
95.3815
95.4815
95.7815
95.8815
95.9815
95.9815
96.6815
95.9815
95.7815
95.6815
95.4815
95.4815
95.4815
95.3815
95.4815
95.4815
95.5815
95.6815
95.7815
95.9815
96.0815
96.0815
95.9815
95.8815
95.7815
97.2815
95.6815
95.7815
96.0815
95.9815
96.1815
96.3815
96.4815
96.6815
96.7815
96.9815
96.8815
96.9815
96.6815
96.5815
96.4815
96.1815
96.1815
96.2815
96.3815
96.4815
96.6815
96.8815
96.9815
97.4815
97.0815
97.0815
96.9815
96.9815
96.6815
96.5815
96.4815
96.2815
96.1815
96.2815
96.2815
96.7815
96.3815
96.4815
96.4815
96.5815
96.4815
96.4815
96.3815
96.2815
95.9815
95.9815
95.8815
95.7815
95.8815
96.0815
96.0815
96.0815
96.2815
96.3815
96.5815
96.6815
96.6815
96.5815
96.4815
96.2815
96.2815
95.8815
95.8815
95.6815
95.7815
95.8815
96.1815
96.1815
96.3815
96.4815
96.5815
96.5815
96.5815
96.3815
96.0815
96.0815
95.8815
95.7815
96.3815
95.9815
95.9815
96.2815
96.3815
96.5815
96.5815
96.6815
96.6815
96.6815
96.4815
96.4815
96.2815
96.2815
96.0815
95.9815
95.9815
95.9815
95.9815
96.2815
96.3815
96.5815
96.8815
96.8815
96.8815
96.8815
96.8815
96.8815
96.7815
96.6815
96.8815
96.8815
97.0815
97.2815
97.2815
97.5815
97.6815
97.6815
97.7815
97.6815
97.5815
97.4815
97.2815
97.2815
97.1815
97.0815
96.9815
97.1815
97.2815
97.3815
97.4815
97.4815
97.6815
97.6815
97.6815
97.5815
97.5815
97.5815
97.5815
97.3815
97.4815
97.3815
97.4815
97.4815
97.5815
97.5815
97.5815
97.5815
97.5815
97.5815
97.5815
97.5815
97.5815
97.4815
97.4815
97.4815
97.3815
97.4815
97.5815
97.5815
97.5815
97.6815
97.6815
97.6815
97.7815
97.7815
97.6815
97.7815
97.7815
97.6815
97.7815
97.7815
97.7815
97.5815
97.3815
97.2815
97.1815
97.0815
96.9815
96.8815
96.8815
96.8815
96.8815
96.7815
96.6815
96.6815
96.5815
96.2815
96.1815
96.0815
95.9815
95.7815
95.6815
95.4815
95.4815
95.3815
95.2815
95.1815
95.2815
95.1815
95.1815
95.1815
95.1815
95.0815
94.9815
95.0815
94.9815
94.9815
95.0815
95.0815
96.1815
95.2815
95.4815
95.3815
95.4815
95.5815
95.7815
95.9815
96.1815
96.2815
96.4815
96.6815
96.8815
96.8815
97.0815
97.2815
97.4815
97.5815
97.9815
98.0815
98.4815
98.8815
98.8815
98.8815
99.2815
99.5815
99.9815
100.3815
101.0815
100.7815
100.7815
100.7815
100.5815
100.3815
100.2815
100.0815
99.7815
99.4815
99.0815
98.7815
98.4815
97.9815
97.6815
97.4815
97.1815
96.9815
96.8815
96.6815
