116.9563
116.5563
116.1563
116.8563
118.7563
119.0563
118.0563
119.4563
121.6563
121.7563
120.2563
119.0563
118.4563
118.5563
119.2563
119.9563
120.0563
120.0563
121.2563
123.8563
124.5563
124.2563
123.7563
122.8563
120.5563
117.8563
115.1563
112.3563
109.7563
105.6563
103.4563
101.9563
100.9563
100.4563
104.2563
108.7563
111.1563
112.2563
112.4563
111.0563
109.1563
107.6563
106.7563
106.6563
107.3563
108.8563
110.2563
111.6563
113.1563
114.4563
114.7563
113.2563
110.8563
108.6563
107.0563
106.4563
107.0563
108.0563
109.1563
110.1563
110.9563
111.8563
112.9563
114.0563
114.7563
113.7563
111.9563
109.9563
108.3563
107.1563
106.3563
106.1563
106.3563
106.9563
107.7563
109.1563
110.1563
110.8563
110.6563
109.3563
107.4563
105.0563
103.7563
103.1563
102.9563
103.3563
104.4563
105.6563
107.1563
108.5563
109.8563
110.9563
111.1563
110.6563
109.7563
108.3563
105.6563
102.8563
99.4563
95.2563
91.8563
95.1563
98.5563
100.4563
101.6563
102.4563
102.8563
102.4563
101.8563
101.3563
101.0563
101.4563
101.9563
103.2563
105.1563
107.1563
108.7563
109.9563
110.2563
110.1563
110.2563
108.9563
107.6563
106.5563
105.6563
105.1563
104.7563
104.7563
104.7563
105.0563
105.7563
106.8563
108.7563
109.9563
111.2563
112.0563
112.2563
111.5563
110.7563
109.8563
109.8563
108.7563
108.6563
108.8563
109.1563
109.6563
110.2563
111.5563
112.6563
113.6563
114.2563
114.2563
113.8563
113.1563
112.0563
111.2563
110.6563
110.2563
110.2563
110.2563
110.2563
110.2563
109.9563
109.7563
109.6563
109.5563
110.2563
108.8563
108.8563
107.1563
106.1563
105.0563
103.7563
102.1563
100.7563
99.3563
98.1563
97.4563
96.4563
95.7563
94.7563
93.4563
92.1563
90.3563
89.3563
88.8563
88.2563
87.9563
87.8563
87.7563
87.9563
88.4563
89.1563
90.0563
91.0563
91.5563
91.6563
91.5563
91.6563
90.7563
90.3563
89.8563
89.4563
89.2563
89.0563
89.1563
89.3563
89.5563
89.6563
89.8563
89.5563
89.4563
89.5563
89.6563
89.7563
89.8563
89.9563
89.9563
89.9563
89.9563
89.7563
89.8563
89.8563
90.0563
90.3563
90.9563
91.5563
92.2563
92.9563
93.4563
93.8563
93.9563
94.0563
93.7563
93.6563
93.6563
93.6563
94.1563
94.4563
95.0563
95.7563
96.3563
96.8563
97.2563
97.5563
97.9563
97.8563
97.9563
98.4563
98.5563
98.8563
99.1563
99.4563
99.5563
99.7563
99.9563
100.1563
100.3563
100.4563
100.5563
100.5563
100.4563
100.3563
100.2563
100.1563
100.2563
101.0563
100.7563
101.0563
101.4563
101.8563
102.2563
102.5563
102.7563
102.6563
102.5563
102.0563
101.8563
101.6563
101.6563
101.8563
102.2563
102.7563
103.8563
104.0563
104.5563
105.1563
105.3563
105.3563
105.2563
105.2563
105.1563
105.2563
105.3563
105.5563
105.8563
106.0563
106.1563
106.1563
105.9563
105.4563
104.9563
103.8563
102.9563
102.0563
101.2563
100.5563
99.7563
99.2563
98.8563
98.4563
98.0563
97.4563
96.8563
97.6563
95.2563
94.2563
92.9563
92.1563
91.3563
90.7563
90.3563
90.0563
89.9563
90.0563
89.9563
89.9563
89.6563
89.0563
88.4563
87.5563
86.6563
85.7563
84.9563
84.1563
83.7563
83.3563
83.1563
83.2563
83.2563
83.4563
83.4563
83.3563
83.0563
81.8563
81.3563
80.5563
79.9563
79.4563
78.9563
78.6563
78.3563
78.7563
78.9563
79.4563
79.5563
79.6563
79.5563
79.3563
78.6563
78.1563
77.6563
77.2563
76.7563
76.4563
76.7563
77.0563
77.2563
77.4563
78.1563
78.6563
78.9563
79.2563
79.1563
79.2563
79.3563
79.4563
79.5563
79.8563
80.5563
81.0563
81.7563
82.6563
83.5563
84.6563
85.4563
86.3563
86.9563
87.5563
88.1563
88.7563
89.1563
89.7563
90.2563
90.8563
91.6563
92.1563
92.6563
93.2563
93.8563
94.6563
95.3563
95.9563
96.5563
96.9563
97.4563
97.8563
98.2563
98.6563
99.1563
99.6563
100.0563
100.4563
100.8563
101.6563
101.6563
101.8563
102.0563
102.2563
102.3563
102.4563
102.4563
102.3563
102.2563
102.0563
101.7563
101.4563
101.1563
100.9563
100.8563
100.7563
100.7563
100.7563
100.8563
100.8563
100.9563
100.9563
100.9563
100.8563
100.6563
100.4563
100.0563
99.9563
99.9563
99.9563
100.1563
100.4563
101.3563
101.0563
101.3563
101.5563
101.7563
101.4563
101.1563
100.7563
100.3563
99.7563
99.3563
98.9563
98.5563
98.2563
97.9563
97.8563
97.6563
97.4563
97.2563
97.2563
96.3563
95.7563
95.0563
94.4563
93.7563
93.1563
92.7563
92.4563
92.1563
92.0563
91.9563
91.8563
91.8563
91.8563
91.7563
91.4563
91.1563
90.7563
90.4563
90.1563
89.8563
89.7563
89.7563
89.7563
89.9563
90.2563
90.4563
90.5563
90.7563
90.6563
90.4563
90.1563
89.9563
89.4563
89.6563
89.1563
89.2563
89.3563
89.7563
90.1563
90.5563
91.5563
91.2563
91.3563
91.3563
91.4563
91.3563
91.3563
91.4563
91.5563
91.7563
92.0563
92.1563
92.2563
92.3563
92.2563
92.2563
92.0563
91.8563
91.7563
91.5563
91.3563
91.0563
90.8563
90.5563
90.3563
90.2563
90.1563
90.0563
90.0563
90.0563
90.1563
90.2563
90.3563
90.3563
90.4563
90.4563
90.3563
90.4563
90.3563
90.4563
90.1563
90.2563
90.2563
90.3563
90.3563
90.4563
90.5563
90.6563
90.6563
90.5563
90.4563
90.5563
90.5563
90.5563
90.7563
91.5563
91.0563
91.1563
91.3563
91.5563
91.8563
92.1563
92.4563
92.4563
92.5563
92.5563
92.4563
92.3563
92.2563
92.1563
91.9563
91.8563
91.6563
91.4563
91.4563
91.4563
91.3563
91.2563
91.0563
90.8563
90.5563
90.1563
89.7563
89.3563
89.0563
88.8563
88.5563
89.7563
88.4563
88.4563
88.4563
88.4563
88.4563
88.2563
88.1563
87.9563
87.6563
87.3563
86.9563
86.7563
86.4563
86.3563
86.3563
86.3563
86.3563
86.4563
86.5563
86.6563
86.7563
86.5563
86.4563
86.2563
86.0563
85.8563
85.6563
85.7563
85.7563
85.9563
86.1563
86.4563
86.6563
86.9563
87.2563
87.3563
87.3563
87.2563
87.4563
86.9563
86.5563
86.4563
86.6563
86.6563
86.8563
87.0563
87.2563
87.5563
87.8563
87.9563
87.9563
87.8563
87.7563
87.6563
87.4563
87.2563
87.0563
87.0563
86.8563
86.8563
86.7563
86.7563
86.7563
86.8563
86.7563
86.6563
86.5563
86.3563
86.3563
85.9563
85.8563
85.6563
85.4563
85.3563
85.3563
85.4563
85.3563
85.3563
85.5563
85.5563
85.6563
85.5563
85.4563
85.2563
85.0563
84.9563
84.6563
84.6563
84.6563
84.3563
84.4563
84.4563
84.5563
84.5563
84.5563
84.7563
84.8563
84.8563
84.7563
84.8563
84.6563
84.3563
84.3563
84.2563
84.1563
84.2563
84.3563
84.6563
84.8563
85.0563
85.3563
85.6563
85.8563
85.9563
85.9563
85.8563
85.8563
85.8563
85.7563
85.9563
86.1563
86.4563
86.7563
87.2563
87.7563
88.1563
88.6563
88.9563
89.3563
89.6563
89.8563
90.0563
90.6563
90.6563
90.8563
91.1563
91.5563
91.9563
92.4563
92.8563
93.1563
93.4563
93.6563
93.7563
93.8563
93.7563
93.6563
93.5563
93.3563
93.3563
93.3563
93.2563
93.1563
93.1563
93.0563
93.0563
92.9563
92.8563
92.6563
92.6563
92.4563
92.2563
92.1563
92.0563
91.9563
91.8563
91.8563
91.8563
91.9563
91.9563
92.0563
92.1563
92.1563
92.1563
92.0563
91.9563
91.8563
91.8563
91.9563
91.9563
92.1563
92.2563
92.4563
92.6563
93.8563
93.0563
93.2563
93.4563
93.5563
93.6563
93.9563
94.0563
94.2563
95.5563
94.6563
94.8563
95.0563
95.1563
95.2563
95.3563
95.4563
95.6563
96.2563
96.0563
96.2563
96.4563
96.6563
96.8563
97.0563
97.1563
97.2563
97.3563
97.3563
97.2563
97.2563
97.1563
97.2563
97.1563
97.2563
97.2563
97.3563
97.4563
97.5563
97.5563
97.4563
97.4563
97.4563
97.4563
97.4563
97.3563
97.2563
97.1563
97.1563
97.1563
97.1563
97.2563
97.2563
97.3563
97.4563
97.5563
97.7563
97.9563
98.1563
98.2563
98.3563
98.4563
98.7563
98.9563
99.2563
99.5563
99.7563
100.0563
100.2563
100.6563
100.9563
101.4563
101.8563
102.4563
102.8563
103.2563
103.6563
104.0563
104.5563
104.8563
105.0563
105.1563
105.0563
104.9563
104.6563
104.4563
104.2563
104.1563
104.2563
104.3563
104.5563
104.6563
104.8563
105.0563
105.0563
