112.654536
109.854536
105.954536
105.954536
110.454536
105.454536
105.254536
112.454536
114.754536
111.454536
111.754536
116.454536
112.454536
108.254536
111.854536
111.354536
108.354536
112.354536
112.654536
110.154536
111.854536
108.654536
108.854536
113.554536
109.754536
106.354536
108.054536
105.154536
103.154536
106.254536
106.254536
102.454536
102.654536
103.654536
99.554536
98.754536
100.754536
97.754536
99.054536
102.054536
100.554536
101.954536
102.054536
97.254536
95.054536
93.954536
88.254536
87.454536
87.154536
82.454536
82.254536
84.154536
81.154536
81.554536
84.454536
81.954536
81.554536
83.654536
81.354536
80.054536
80.554536
77.454536
76.554536
79.454536
78.554536
78.754536
81.454536
79.454536
78.354536
80.354536
79.254536
77.754536
78.654536
77.154536
75.154536
76.354536
74.954536
72.454536
73.354536
72.454536
