120.6069
119.2069
118.0069
117.4069
117.5069
118.0069
119.7069
121.6069
124.0069
127.1069
129.5069
129.1069
127.1069
125.4069
124.1069
123.0069
120.5069
119.3069
119.3069
119.9069
120.3069
120.1069
119.3069
118.6069
118.1069
117.8069
116.8069
112.2069
108.6069
106.2069
104.5069
103.1069
102.2069
102.0069
102.3069
102.9069
104.0069
106.2069
108.2069
110.2069
111.4069
111.0069
110.1069
109.7069
109.7069
110.0069
110.0069
110.0069
110.3069
110.7069
111.5069
112.5069
113.9069
115.3069
116.3069
116.6069
116.6069
116.6069
116.6069
116.5069
116.2069
116.0069
116.0069
116.2069
116.5069
117.1069
118.0069
119.1069
120.2069
119.8069
118.9069
117.9069
117.1069
116.5069
116.3069
116.2069
116.2069
116.1069
115.7069
115.6069
115.9069
116.4069
116.7069
116.5069
116.0069
115.6069
115.4069
115.4069
115.9069
116.5069
117.2069
118.0069
118.6069
118.7069
118.2069
116.8069
114.6069
111.3069
107.6069
105.1069
105.9069
106.8069
107.5069
108.0069
108.6069
109.2069
110.1069
110.8069
111.4069
111.2069
110.5069
109.5069
108.8069
108.6069
108.9069
109.5069
110.1069
110.6069
111.0069
111.5069
111.9069
112.2069
112.3069
111.8069
110.8069
109.6069
108.4069
107.4069
106.9069
107.2069
108.2069
109.7069
111.3069
112.7069
113.9069
114.8069
115.3069
115.3069
114.8069
114.0069
112.6069
111.8069
111.2069
110.8069
110.7069
110.8069
111.1069
111.7069
112.4069
113.2069
114.1069
114.2069
113.7069
112.6069
111.3069
110.1069
109.0069
108.3069
107.9069
107.8069
108.1069
108.5069
109.1069
109.9069
110.7069
111.3069
111.7069
111.5069
111.1069
110.4069
109.7069
108.6069
107.8069
107.1069
106.3069
105.8069
105.3069
105.1069
105.0069
105.0069
105.0069
104.7069
104.3069
103.7069
103.2069
102.8069
102.5069
102.3069
102.2069
102.4069
102.7069
103.5069
104.2069
105.0069
105.5069
106.0069
106.2069
106.2069
106.0069
105.6069
105.3069
105.1069
104.8069
104.9069
105.0069
105.3069
105.5069
105.7069
105.7069
105.6069
105.5069
105.4069
105.3069
105.2069
105.1069
105.2069
105.1069
104.8069
104.5069
103.9069
103.3069
102.8069
101.9069
101.5069
101.2069
101.0069
100.9069
100.8069
100.9069
100.9069
100.8069
100.4069
99.6069
98.9069
98.2069
97.6069
97.1069
96.8069
96.8069
96.9069
97.3069
97.8069
98.3069
98.7069
98.7069
98.7069
98.5069
98.3069
98.2069
98.1069
98.3069
98.4069
98.7069
99.1069
99.5069
99.8069
99.9069
99.9069
99.6069
99.3069
99.0069
98.6069
98.4069
98.1069
98.2069
98.4069
98.8069
99.3069
99.8069
100.4069
100.9069
101.3069
101.5069
101.4069
100.8069
100.3069
99.8069
99.5069
99.4069
99.6069
99.9069
100.2069
100.7069
101.2069
101.8069
102.0069
102.0069
101.8069
101.4069
101.2069
100.9069
100.8069
100.7069
100.8069
101.2069
101.6069
102.0069
102.3069
102.3069
102.3069
101.9069
101.5069
101.1069
100.7069
100.4069
100.3069
100.3069
100.4069
100.6069
100.8069
101.0069
100.9069
100.7069
100.3069
99.7069
98.9069
98.5069
98.2069
97.9069
97.8069
97.8069
98.0069
98.1069
98.3069
98.5069
98.4069
98.1069
97.7069
97.2069
96.6069
96.1069
95.6069
95.3069
95.0069
94.8069
94.9069
95.1069
95.3069
95.4069
95.4069
95.3069
95.0069
94.6069
94.0069
93.6069
93.2069
92.7069
92.6069
92.6069
92.7069
92.8069
93.0069
93.3069
93.5069
93.7069
93.7069
93.3069
92.8069
92.3069
91.9069
91.4069
91.0069
90.8069
90.7069
90.8069
90.9069
91.2069
91.3069
91.4069
91.3069
91.1069
90.7069
90.3069
89.8069
89.3069
88.8069
88.4069
88.2069
88.3069
88.4069
88.6069
88.9069
89.2069
89.5069
89.7069
89.8069
89.8069
89.7069
89.5069
89.4069
89.2069
89.2069
89.3069
89.5069
89.7069
90.0069
90.3069
90.8069
91.0069
91.3069
91.3069
91.4069
91.5069
91.6069
91.6069
91.7069
91.8069
92.0069
92.2069
92.4069
92.6069
92.8069
92.9069
93.0069
93.2069
93.4069
93.5069
93.6069
93.5069
93.4069
93.3069
93.0069
92.8069
92.6069
92.4069
92.2069
92.1069
92.2069
92.3069
92.5069
92.5069
92.6069
92.5069
92.3069
92.0069
91.7069
91.3069
90.9069
90.4069
90.1069
89.9069
89.9069
89.8069
89.9069
90.0069
90.1069
90.1069
90.0069
89.8069
89.3069
88.9069
88.4069
88.0069
87.7069
87.5069
87.3069
87.2069
87.2069
87.3069
87.5069
87.6069
87.6069
87.5069
87.3069
86.9069
86.5069
86.1069
85.8069
85.5069
85.2069
85.1069
85.1069
85.2069
85.4069
85.5069
85.6069
85.6069
85.5069
85.3069
84.8069
84.4069
84.1069
83.8069
83.6069
83.5069
83.6069
83.7069
83.8069
83.9069
84.1069
84.3069
84.3069
84.2069
84.0069
83.8069
83.6069
83.3069
83.1069
83.0069
83.0069
83.1069
83.2069
83.4069
83.6069
83.8069
83.9069
84.0069
83.9069
83.8069
83.6069
83.2069
83.0069
82.9069
82.9069
82.9069
83.0069
83.2069
83.5069
83.8069
84.0069
84.2069
84.2069
84.1069
84.0069
83.9069
83.7069
83.6069
83.5069
83.5069
83.6069
83.7069
84.0069
84.1069
84.2069
84.3069
84.3069
84.2069
84.2069
84.1069
84.0069
83.9069
84.0069
84.0069
84.2069
84.3069
84.5069
84.7069
84.8069
85.0069
85.1069
85.2069
85.2069
85.3069
85.2069
85.3069
85.2069
85.3069
85.4069
85.4069
85.5069
85.6069
85.7069
86.1069
86.2069
86.4069
86.5069
86.5069
86.6069
86.7069
86.8069
86.9069
87.0069
87.1069
87.2069
87.3069
87.5069
87.6069
87.8069
88.0069
88.1069
88.2069
88.3069
88.4069
88.3069
88.3069
88.2069
88.1069
88.1069
88.1069
88.1069
88.3069
88.4069
88.5069
88.7069
88.8069
88.8069
88.8069
88.8069
88.8069
88.8069
88.7069
88.7069
88.7069
88.7069
88.8069
88.9069
89.0069
89.1069
89.2069
89.3069
89.3069
89.3069
89.2069
89.0069
88.9069
88.9069
88.9069
88.8069
88.9069
89.0069
89.1069
89.2069
89.4069
89.6069
89.7069
89.8069
89.8069
89.8069
89.8069
89.7069
89.7069
89.6069
89.6069
89.6069
89.6069
89.6069
89.6069
89.6069
89.6069
89.7069
89.5069
89.5069
89.4069
89.2069
89.0069
88.9069
88.7069
88.6069
88.6069
88.5069
88.4069
88.5069
88.5069
88.5069
88.4069
88.4069
88.3069
88.1069
88.0069
87.8069
87.7069
87.5069
87.5069
87.4069
87.4069
87.4069
87.4069
87.5069
87.5069
87.5069
87.5069
87.5069
87.5069
87.4069
87.3069
87.1069
87.0069
86.9069
86.9069
86.9069
87.0069
87.0069
87.1069
87.2069
87.2069
87.2069
87.2069
87.0069
87.0069
86.8069
86.7069
86.6069
86.5069
86.4069
86.3069
86.3069
86.3069
86.4069
86.5069
86.4069
86.5069
86.4069
86.4069
86.2069
86.0069
85.9069
85.7069
85.6069
85.6069
85.6069
85.6069
85.7069
85.7069
85.8069
85.8069
85.9069
85.8069
85.8069
85.6069
85.5069
85.3069
85.2069
85.1069
85.2069
85.2069
85.3069
85.5069
85.6069
85.7069
85.9069
85.9069
85.9069
85.8069
85.8069
85.7069
85.6069
85.5069
85.5069
85.5069
85.5069
85.6069
85.7069
85.7069
85.8069
85.9069
85.8069
85.8069
85.8069
85.7069
85.5069
85.4069
85.3069
85.3069
85.2069
85.3069
85.4069
85.5069
85.7069
85.8069
85.9069
85.9069
85.9069
85.9069
85.8069
85.8069
85.7069
85.7069
85.7069
85.8069
85.8069
85.9069
86.0069
86.0069
86.0069
86.0069
86.0069
86.1069
86.1069
86.2069
86.2069
86.2069
86.2069
86.2069
86.2069
86.2069
86.2069
86.2069
86.2069
86.3069
86.2069
86.3069
