121.5343
120.2343
119.3343
119.0343
119.2343
119.9343
121.5343
123.3343
125.7343
128.4343
130.7343
130.4343
128.5343
126.8343
125.6343
124.1343
121.7343
120.5343
120.5343
120.5343
120.3343
119.7343
118.9343
118.2343
118.1343
117.7343
116.7343
111.6343
108.5343
106.7343
105.5343
104.7343
104.2343
104.2343
104.5343
105.0343
105.8343
107.9343
109.8343
112.0343
113.2343
112.6343
111.2343
110.3343
109.9343
110.0343
110.1343
110.4343
110.6343
111.3343
112.0343
113.2343
114.5343
116.3343
117.7343
118.2343
118.1343
117.8343
117.4343
117.2343
116.7343
116.7343
116.7343
116.9343
117.4343
118.2343
119.1343
120.3343
121.1343
120.9343
119.9343
118.9343
117.9343
117.3343
117.0343
117.1343
117.2343
117.2343
117.3343
117.2343
117.7343
118.3343
118.2343
118.1343
117.3343
116.7343
116.2343
116.0343
116.3343
116.9343
117.6343
118.3343
118.9343
119.2343
118.6343
117.5343
115.6343
113.1343
109.9343
107.1343
107.4343
107.9343
108.9343
109.6343
110.2343
111.2343
112.1343
113.1343
113.8343
114.1343
113.4343
112.4343
111.5343
111.0343
110.9343
111.2343
111.6343
112.2343
112.6343
113.5343
114.1343
114.7343
114.8343
114.4343
113.6343
112.3343
111.1343
110.1343
109.2343
109.1343
109.4343
110.5343
111.8343
113.2343
114.3343
115.4343
116.1343
116.4343
115.8343
115.1343
113.8343
112.9343
112.1343
111.7343
111.7343
111.8343
112.1343
112.6343
113.4343
114.1343
115.0343
115.2343
114.9343
114.1343
113.0343
111.8343
110.7343
109.8343
109.3343
109.2343
109.6343
110.1343
110.7343
111.6343
112.4343
113.0343
113.3343
113.3343
112.9343
112.3343
111.7343
110.7343
110.0343
109.4343
108.8343
108.2343
108.1343
108.0343
108.4343
108.7343
108.8343
108.5343
107.9343
107.3343
106.7343
106.1343
105.8343
105.6343
105.8343
106.0343
106.3343
107.0343
107.5343
108.0343
108.3343
108.6343
108.6343
108.5343
108.3343
108.1343
108.1343
108.0343
108.2343
108.4343
108.6343
109.0343
109.3343
109.4343
109.6343
109.5343
109.2343
109.2343
108.8343
108.8343
108.8343
108.8343
108.6343
108.3343
108.0343
107.8343
107.5343
106.8343
106.1343
105.8343
105.4343
105.3343
105.1343
105.0343
104.9343
104.5343
104.1343
103.5343
102.6343
101.9343
101.2343
100.9343
100.5343
100.4343
100.0343
100.0343
99.9343
99.8343
99.7343
99.3343
98.6343
97.8343
97.1343
96.5343
96.0343
95.9343
95.8343
95.9343
96.4343
97.1343
97.6343
98.1343
98.4343
98.4343
98.4343
97.7343
97.0343
96.2343
95.5343
95.1343
94.9343
95.0343
95.3343
95.8343
96.4343
97.0343
97.8343
98.0343
98.4343
98.1343
97.7343
97.4343
97.1343
97.0343
96.7343
96.5343
96.7343
96.7343
97.1343
97.4343
98.0343
98.1343
98.4343
98.2343
97.9343
97.7343
97.7343
97.7343
97.9343
97.7343
98.3343
98.8343
99.1343
99.5343
99.6343
99.7343
99.3343
99.0343
98.8343
98.3343
98.1343
97.9343
98.1343
98.2343
98.5343
98.6343
98.6343
98.9343
98.4343
98.0343
97.5343
96.7343
96.1343
95.9343
95.6343
95.6343
95.8343
96.0343
96.1343
96.4343
96.5343
96.5343
96.2343
95.7343
95.3343
94.5343
94.0343
93.7343
93.5343
93.2343
93.2343
93.4343
93.4343
93.4343
93.6343
93.6343
93.4343
93.2343
92.6343
92.3343
92.1343
91.5343
91.3343
91.3343
91.3343
91.4343
91.6343
92.0343
92.3343
92.5343
92.7343
92.7343
92.3343
91.9343
91.4343
91.0343
90.7343
90.5343
90.1343
90.0343
90.1343
90.1343
90.3343
90.5343
90.4343
90.4343
90.2343
89.8343
89.2343
88.9343
88.4343
88.0343
87.8343
87.8343
87.9343
88.2343
88.3343
88.6343
89.0343
89.5343
89.5343
89.7343
89.6343
89.5343
89.4343
89.2343
89.3343
89.3343
89.4343
89.6343
89.8343
90.3343
90.5343
91.0343
91.3343
91.5343
91.6343
91.7343
91.6343
91.7343
91.7343
91.9343
91.9343
92.2343
92.3343
92.6343
92.9343
92.9343
93.0343
93.4343
93.5343
93.7343
93.9343
93.9343
94.0343
93.8343
93.6343
93.5343
93.2343
93.0343
92.6343
92.6343
92.5343
92.5343
92.3343
92.8343
92.8343
92.7343
92.6343
92.4343
92.1343
91.8343
91.3343
90.9343
90.4343
90.1343
90.0343
90.2343
90.0343
90.1343
90.3343
90.3343
90.1343
90.1343
90.1343
89.4343
89.0343
88.7343
88.2343
88.1343
87.9343
87.7343
87.4343
87.6343
87.5343
87.8343
87.8343
87.7343
87.7343
87.4343
87.0343
86.6343
86.2343
85.9343
85.6343
85.3343
85.2343
85.3343
85.5343
85.4343
85.9343
85.8343
85.9343
86.1343
85.7343
85.4343
85.0343
84.7343
84.6343
84.2343
84.1343
84.2343
84.2343
84.2343
84.5343
84.7343
84.9343
84.9343
84.7343
84.4343
84.2343
83.9343
83.3343
83.4343
83.3343
83.3343
83.5343
83.7343
83.7343
84.0343
84.2343
84.4343
84.3343
84.3343
84.2343
84.1343
83.9343
83.6343
83.6343
83.6343
83.7343
83.7343
83.9343
84.3343
84.3343
84.5343
84.6343
84.6343
84.5343
84.2343
84.2343
84.0343
83.9343
84.0343
84.1343
84.1343
84.3343
84.7343
84.8343
84.9343
85.1343
84.9343
85.0343
84.8343
84.8343
84.6343
84.5343
84.6343
84.4343
84.8343
84.9343
84.9343
85.2343
85.5343
85.6343
85.5343
85.7343
85.6343
85.7343
85.7343
85.7343
85.6343
85.7343
85.7343
85.8343
86.1343
86.3343
86.4343
86.7343
86.8343
87.1343
86.9343
87.1343
86.9343
87.0343
86.9343
86.9343
86.9343
87.3343
87.2343
87.4343
87.6343
87.9343
87.8343
88.1343
88.2343
88.2343
88.2343
88.6343
88.5343
88.3343
88.3343
88.1343
88.3343
88.2343
88.3343
88.6343
88.4343
88.8343
88.9343
88.9343
89.0343
88.8343
89.0343
88.8343
88.6343
88.5343
88.4343
88.6343
88.5343
88.4343
88.7343
88.6343
88.9343
89.0343
89.1343
89.3343
89.2343
89.2343
89.0343
89.0343
88.7343
88.9343
88.7343
88.8343
88.6343
89.0343
89.0343
89.1343
89.3343
89.3343
89.5343
89.5343
89.4343
89.4343
89.5343
89.3343
89.2343
89.2343
89.2343
89.3343
89.4343
89.7343
89.5343
89.5343
89.5343
89.6343
89.5343
89.4343
89.0343
88.6343
88.5343
88.3343
88.1343
88.0343
87.8343
87.6343
87.6343
87.5343
87.5343
87.3343
87.3343
87.2343
87.0343
86.7343
86.6343
86.5343
86.3343
86.2343
86.2343
86.3343
86.6343
86.5343
86.6343
86.7343
86.7343
86.9343
86.8343
86.7343
86.6343
86.3343
86.3343
86.1343
85.8343
85.8343
85.5343
85.7343
85.8343
85.9343
86.1343
86.0343
86.2343
86.3343
86.1343
86.2343
86.1343
86.1343
85.9343
85.7343
85.7343
85.6343
85.7343
85.7343
85.7343
86.0343
85.7343
85.6343
85.7343
85.7343
85.5343
85.4343
85.5343
85.3343
85.2343
85.0343
85.1343
85.1343
85.0343
85.0343
85.1343
85.3343
85.1343
84.9343
85.1343
84.8343
84.7343
84.8343
84.8343
84.7343
84.6343
84.6343
84.7343
85.0343
84.9343
84.9343
85.2343
85.2343
85.1343
85.0343
84.7343
84.6343
84.5343
84.3343
84.1343
84.2343
84.1343
84.2343
84.1343
84.4343
84.4343
84.4343
84.5343
84.5343
84.3343
84.1343
84.3343
84.3343
84.0343
84.1343
84.0343
83.8343
83.9343
83.8343
83.8343
83.8343
83.8343
83.8343
83.9343
84.0343
83.8343
84.0343
83.7343
83.9343
83.9343
83.9343
83.9343
83.9343
83.8343
83.9343
83.9343
84.1343
83.9343
83.8343
84.0343
84.0343
84.0343
83.9343
83.7343
83.7343
84.0343
84.0343
83.8343
83.6343
83.9343
83.7343
83.4343
83.7343
