114.2061
114.5061
114.2061
114.4061
116.4061
117.1061
117.2061
119.5061
122.2061
122.8061
121.6061
120.8061
120.5061
120.8061
121.9061
122.8061
123.3061
123.7061
125.5061
128.0061
128.3061
127.9061
127.3061
126.5061
124.0061
121.3061
118.4061
115.5061
112.4061
108.9061
107.0061
105.7061
104.2061
101.1061
103.6061
111.1061
114.7061
116.1061
116.6061
116.1061
115.1061
114.1061
113.4061
113.4061
114.0061
115.6061
117.0061
118.5061
119.9061
121.1061
121.4061
119.9061
117.3061
114.8061
112.8061
111.7061
112.0061
112.9061
113.9061
114.7061
115.7061
116.6061
117.7061
118.9061
119.7061
118.8061
116.9061
114.9061
113.1061
111.9061
111.0061
110.8061
111.0061
111.5061
112.4061
113.7061
114.9061
115.7061
115.7061
114.6061
112.6061
109.8061
108.1061
107.2061
106.9061
107.2061
108.2061
109.4061
110.8061
112.3061
113.8061
115.2061
115.5061
115.2061
114.5061
113.4061
111.4061
108.9061
105.6061
101.5061
95.5061
91.8061
98.0061
101.6061
103.9061
105.3061
106.0061
105.8061
105.2061
104.6061
104.1061
104.0061
104.6061
105.7061
107.4061
109.5061
111.8061
114.0061
114.9061
115.1061
114.8061
114.1061
112.9061
111.8061
110.8061
109.9061
109.4061
109.2061
109.4061
109.9061
110.8061
112.0061
113.9061
115.5061
116.9061
117.8061
118.3061
118.0061
117.4061
116.6061
115.9061
115.3061
114.8061
114.5061
114.5061
114.7061
115.2061
116.2061
117.2061
118.2061
118.8061
118.9061
118.5061
117.6061
116.9061
116.2061
115.5061
115.1061
114.8061
115.0061
115.2061
115.4061
115.5061
115.5061
115.5061
115.3061
115.1061
114.9061
114.5061
114.1061
113.5061
112.7061
111.8061
110.5061
109.4061
108.2061
107.0061
105.6061
104.0061
102.8061
101.5061
99.8061
97.8061
95.2061
93.3061
91.9061
91.1061
90.5061
90.3061
90.1061
90.0061
90.1061
90.5061
91.2061
92.2061
92.9061
93.1061
93.1061
92.9061
92.6061
92.4061
92.2061
91.9061
91.7061
91.5061
91.6061
91.8061
92.2061
92.6061
92.9061
93.0061
93.0061
93.2061
93.4061
93.8061
94.1061
94.3061
94.4061
94.5061
94.4061
94.2061
94.1061
94.1061
94.2061
94.4061
94.8061
95.2061
95.8061
96.3061
96.8061
97.1061
97.1061
97.0061
96.8061
96.6061
96.4061
96.4061
96.4061
96.7061
97.1061
97.9061
98.5061
99.2061
99.6061
99.9061
99.9061
99.8061
99.7061
99.8061
99.9061
100.3061
100.6061
101.1061
101.6061
102.1061
102.5061
103.0061
103.2061
103.3061
103.2061
103.0061
102.8061
102.7061
102.7061
102.8061
103.0061
103.4061
103.9061
104.3061
104.8061
105.2061
105.6061
105.7061
105.7061
105.5061
105.2061
104.7061
104.3061
104.0061
103.8061
103.8061
104.1061
104.4061
104.8061
105.2061
105.6061
105.8061
105.7061
105.4061
105.1061
104.7061
104.4061
104.1061
104.0061
104.1061
104.2061
104.4061
104.6061
104.6061
104.4061
104.1061
103.6061
102.9061
102.4061
101.8061
101.3061
100.9061
100.2061
99.7061
99.2061
98.7061
98.1061
97.3061
96.6061
95.7061
94.8061
93.8061
92.5061
91.5061
90.5061
89.6061
88.9061
88.1061
87.7061
87.3061
87.0061
86.7061
86.3061
85.5061
84.7061
83.7061
82.8061
81.8061
80.8061
80.0061
79.5061
79.2061
79.0061
78.8061
78.8061
78.9061
78.9061
78.9061
78.7061
78.4061
78.0061
77.3061
77.1061
76.9061
76.8061
77.0061
77.2061
77.7061
78.4061
79.1061
79.7061
80.3061
80.7061
81.0061
81.0061
80.9061
80.8061
80.8061
80.8061
81.0061
81.2061
81.6061
82.2061
82.8061
83.8061
84.5061
85.2061
85.7061
86.0061
86.2061
86.3061
86.3061
86.4061
86.6061
87.0061
87.5061
88.1061
88.8061
89.6061
90.6061
91.5061
92.3061
92.9061
93.4061
93.9061
94.3061
94.6061
95.0061
95.3061
95.6061
96.1061
96.5061
96.9061
97.2061
97.5061
97.9061
98.2061
98.5061
98.8061
99.0061
99.2061
99.3061
99.3061
99.4061
99.6061
99.9061
100.2061
100.4061
100.7061
100.9061
101.2061
101.4061
101.5061
101.6061
101.7061
101.7061
101.6061
101.4061
101.3061
101.1061
100.9061
100.8061
100.7061
100.5061
100.5061
100.4061
100.5061
100.6061
100.7061
100.8061
100.8061
100.8061
100.7061
100.7061
100.7061
100.7061
100.6061
100.5061
100.5061
100.6061
100.8061
101.1061
101.3061
101.6061
101.9061
102.1061
102.3061
102.3061
102.2061
102.1061
101.9061
101.8061
101.7061
101.6061
101.6061
101.6061
101.6061
101.7061
101.7061
101.6061
101.5061
101.2061
100.8061
100.4061
99.9061
99.3061
98.7061
98.0061
97.4061
96.9061
96.5061
96.2061
95.8061
95.5061
95.3061
95.0061
94.7061
94.3061
93.8061
93.3061
92.7061
92.2061
91.6061
91.2061
90.9061
90.7061
90.6061
90.5061
90.5061
90.5061
90.4061
90.2061
89.8061
89.2061
88.5061
87.8061
87.1061
86.6061
86.3061
86.3061
86.5061
86.8061
87.2061
87.6061
87.9061
88.1061
88.2061
88.1061
87.9061
87.6061
87.4061
87.3061
87.3061
87.4061
87.6061
87.9061
88.1061
88.4061
88.8061
89.0061
89.0061
89.1061
89.0061
89.0061
88.8061
88.7061
88.7061
88.7061
88.8061
88.9061
89.0061
89.2061
89.4061
89.6061
89.8061
89.9061
90.1061
90.1061
90.3061
90.5061
90.7061
91.0061
91.3061
91.6061
92.1061
92.6061
93.0061
93.4061
93.8061
94.2061
94.4061
94.6061
94.8061
94.9061
95.0061
95.1061
95.3061
95.5061
95.8061
96.0061
96.2061
96.3061
96.5061
96.6061
96.7061
96.8061
96.9061
97.0061
97.0061
97.0061
97.0061
97.0061
97.0061
96.9061
96.9061
96.9061
96.9061
96.9061
96.9061
97.0061
96.9061
96.9061
96.8061
96.6061
96.4061
96.1061
95.8061
95.5061
95.2061
94.9061
94.7061
94.5061
94.4061
94.4061
94.4061
94.4061
94.3061
94.1061
93.9061
93.6061
93.2061
92.8061
92.4061
92.1061
91.9061
91.7061
91.5061
91.4061
91.4061
91.4061
91.3061
91.2061
91.0061
90.8061
90.6061
90.3061
89.9061
89.6061
89.3061
89.1061
89.0061
88.9061
89.0061
89.1061
89.2061
89.3061
89.3061
89.2061
89.1061
88.9061
88.6061
88.2061
87.8061
87.4061
87.2061
87.0061
87.0061
87.0061
87.1061
87.2061
87.3061
87.3061
87.2061
87.1061
86.9061
86.6061
86.4061
86.1061
85.9061
85.8061
85.7061
85.7061
85.9061
85.9061
86.0061
86.2061
86.2061
86.2061
86.1061
86.0061
85.7061
85.5061
85.3061
85.2061
85.2061
85.2061
85.3061
85.4061
85.6061
85.8061
86.0061
86.2061
86.3061
86.4061
86.4061
86.4061
86.3061
86.3061
86.2061
86.3061
86.5061
86.7061
86.9061
87.3061
87.6061
87.9061
88.2061
88.4061
88.6061
88.7061
88.7061
88.8061
88.8061
88.9061
89.0061
89.2061
89.4061
89.8061
90.2061
90.5061
90.8061
91.0061
91.2061
91.5061
91.7061
91.8061
91.9061
92.1061
92.2061
92.4061
92.6061
92.7061
92.9061
93.0061
93.3061
93.6061
93.9061
94.2061
94.4061
94.7061
94.9061
95.1061
95.2061
95.4061
95.6061
95.8061
96.0061
96.3061
96.6061
96.9061
97.2061
97.5061
97.8061
98.1061
98.4061
98.6061
98.7061
98.9061
99.1061
99.3061
99.5061
99.7061
100.0061
100.3061
100.5061
100.8061
101.1061
101.3061
101.4061
101.5061
101.5061
101.5061
101.4061
101.4061
101.3061
101.1061
101.0061
100.9061
100.8061
100.6061
100.3061
100.1061
99.9061
99.7061
99.4061
99.0061
98.7061
98.4061
98.1061
97.8061
97.5061
97.3061
97.0061
96.8061
96.6061
96.4061
96.2061
96.1061
95.9061
95.8061
95.6061
95.5061
95.4061
95.3061
95.2061
95.1061
