40
20
30
20
50
70
40
50
50
60
30
50
50
40
10
60
60
20
60
70
20
40
10
40
40
20
20
40
60
20
40
40
10
70
40
70
20
20
40
40
10
10
20
50
60
60
30
70
70
40
70
40
70
60
10
20
40
50
10
60
70
70
30
70
50
20
20
30
70
10
20
30
70
70
20
60
50
70
50
60
40
50
40
70
20
30
10
60
70
30
10
10
30
10
20
40
70
40
70
10
20
60
30
10
50
30
10
30
40
10
20
60
60
40
50
70
50
40
70
70
60
50
10
50
60
20
40
70
60
50
60
10
10
70
10
50
70
70
60
30
30
30
50
20
30
60
20
30
70
10
50
20
60
30
60
40
50
50
60
10
60
60
10
70
20
50
60
70
30
30
10
20
60
20
50
60
40
70
30
20
40
40
70
40
40
20
50
60
40
20
20
10
10
70
40
50
40
10
30
40
70
10
20
50
10
20
40
60
60
30
60
70
30
30
40
60
30
50
20
40
70
70
10
70
50
20
10
30
60
40
20
30
10
30
50
40
30
40
50
20
50
30
60
70
40
60
10
50
30
50
30
10
40
30
30
50
20
10
70
50
10
50
30
70
20
30
60
30
10
30
20
40
70
20
60
60
30
40
30
70
20
50
50
40
70
60
10
60
30
50
10
50
60
50
10
20
20
10
60
30
10
30
70
50
10
10
50
20
